#i crate slot top/bottom dcc spigot fiber fiber-channel  subdet  ieta  iphi  depth
54000080 50 12 u 0 0   0 0  ZDC_RPD -4 1 -99
54000081 50 12 u 0 0   0 1  ZDC_RPD -4 2 -99
54000082 50 12 u 0 0   0 2  ZDC_RPD -4 3 -99
54000083 50 12 u 0 0   0 3  ZDC_RPD -4 4 -99
54000084 50 12 u 0 0   1 0  ZDC_RPD -3 5 -99
54000085 50 12 u 0 0   1 1  ZDC_RPD -3 6 -99
54000086 50 12 u 0 0   1 2  ZDC_RPD -3 7 -99
54000087 50 12 u 0 0   1 3  ZDC_RPD -3 8 -99
54000088 50 12 u 0 0   2 0  ZDC_RPD -2 9 -99
54000089 50 12 u 0 0   2 1  ZDC_RPD -2 10 -99
5400008A 50 12 u 0 0   2 2  ZDC_RPD -2 11 -99
5400008B 50 12 u 0 0   2 3  ZDC_RPD -2 12 -99
5400008C 50 12 u 0 0   3 0  ZDC_RPD -1 13 -99
5400008D 50 12 u 0 0   3 1  ZDC_RPD -1 14 -99
5400008E 50 12 u 0 0   3 2  ZDC_RPD -1 15 -99
5400008F 50 12 u 0 0   3 3  ZDC_RPD -1 16 -99
54000011 50 12 u 0 0   4 0  ZDC_EM -1 1 -99
54000012 50 12 u 0 0   4 1  ZDC_EM -1 2 -99
54000013 50 12 u 0 0   4 2  ZDC_EM -1 3 -99
54000014 50 12 u 0 0   4 3  ZDC_EM -1 4 -99
54000015 50 12 u 0 0   5 0  ZDC_EM -1 5 -99
54000021 50 12 u 0 0   5 1  ZDC_HAD -1 1 -99
54000022 50 12 u 0 0   5 2  ZDC_HAD -1 2 -99
54000023 50 12 u 0 0   5 3  ZDC_HAD -1 3 -99
540000C0 50 12 u 0 0   6 0  ZDC_RPD 4 1 -99
540000C1 50 12 u 0 0   6 1  ZDC_RPD 4 2 -99
540000C2 50 12 u 0 0   6 2  ZDC_RPD 4 3 -99
540000C3 50 12 u 0 0   6 3  ZDC_RPD 4 4 -99
540000C4 50 12 u 0 0   7 0  ZDC_RPD 3 5 -99
540000C5 50 12 u 0 0   7 1  ZDC_RPD 3 6 -99
540000C6 50 12 u 0 0   7 2  ZDC_RPD 3 7 -99
540000C7 50 12 u 0 0   7 3  ZDC_RPD 3 8 -99
540000C8 50 12 u 0 0   8 0  ZDC_RPD 2 9 -99
540000C9 50 12 u 0 0   8 1  ZDC_RPD 2 10 -99
540000CA 50 12 u 0 0   8 2  ZDC_RPD 2 11 -99
540000CB 50 12 u 0 0   8 3  ZDC_RPD 2 12 -99
540000CC 50 12 u 0 0   9 0  ZDC_RPD 1 13 -99
540000CD 50 12 u 0 0   9 1  ZDC_RPD 1 14 -99
540000CE 50 12 u 0 0   9 2  ZDC_RPD 1 15 -99
540000CF 50 12 u 0 0   9 3  ZDC_RPD 1 16 -99
54000051 50 12 u 0 0  10 0  ZDC_EM 1 1 -99
54000052 50 12 u 0 0  10 1  ZDC_EM 1 2 -99
54000053 50 12 u 0 0  10 2  ZDC_EM 1 3 -99
54000054 50 12 u 0 0  10 3  ZDC_EM 1 4 -99
54000055 50 12 u 0 0  11 0  ZDC_EM 1 5 -99
54000061 50 12 u 0 0  11 1  ZDC_HAD 1 1 -99
54000062 50 12 u 0 0  11 2  ZDC_HAD 1 2 -99
54000063 50 12 u 0 0  11 3  ZDC_HAD 1 3 -99
